import numpy as np

C = np.array([
    [1, 0, 0, 0],
    [0, 0.866, -0.5, 10],
    [0, 0.5, 0.866, -20],
    [0, 0, 0, 1]
])
D = np.array([
    [0.866, 0.5, 0, 0],
    [-0.5, 0.866, 0, 0],
    [0, 0, 1, 0],
    [11, -1, 8, 1]
])
E = np.array([
    [0.866, 0.433, 0.25, 0],
    [-0.5, 0.75, 0.433, 0],
    [0, -0.5, 0.866, 0],
    [-3, -3, 3, 1]
])
print(C.dot(D).dot(E))
print()
A = np.array([
    [0.866, -0.5, 0],
    [0.5, 0.866, 0],
    [0, 0, 1]
])

B = np.array([[10],
            [20],
            [30]])

print(A.dot(B))